3.200000000000003,-49.300000000000004,0.0
4.200000000000003,-49.300000000000004,0.0
4.400000000000002,-49.300000000000004,0.0
4.600000000000001,-49.300000000000004,0.0
0.40000000000000213,-49.5,0.0
0.6000000000000014,-49.5,0.0
0.8000000000000007,-49.5,0.0
1.0,-49.5,0.0
1.2000000000000028,-49.5,0.0
1.4000000000000021,-49.5,0.0
2.200000000000003,-49.5,0.0
2.400000000000002,-49.5,0.0
2.6000000000000014,-49.5,0.0
3.6000000000000014,-49.5,0.0
4.800000000000001,-49.5,0.0
0.20000000000000284,-49.7,0.0
3.400000000000002,-49.7,0.0
3.6000000000000014,-49.7,0.0
4.800000000000001,-49.7,0.0
5.0000000000000036,-49.7,0.0
5.200000000000003,-49.7,0.0
0.20000000000000284,-49.900000000000006,0.0
1.4000000000000021,-49.900000000000006,0.0
1.6000000000000014,-49.900000000000006,0.0
2.0,-49.900000000000006,0.0
2.200000000000003,-49.900000000000006,0.0
3.400000000000002,-49.900000000000006,0.0
3.6000000000000014,-49.900000000000006,0.0
5.200000000000003,-49.900000000000006,0.0
5.400000000000002,-50.1,0.0
1.8000000000000007,-50.300000000000004,0.0
5.400000000000002,-50.300000000000004,0.0
4.600000000000001,-50.5,0.0
4.800000000000001,-50.5,0.0
0.40000000000000213,-50.7,0.0
3.0000000000000036,-50.7,0.0
5.200000000000003,-50.7,0.0
5.400000000000002,-50.7,0.0
0.40000000000000213,-50.900000000000006,0.0
0.6000000000000014,-50.900000000000006,0.0
0.8000000000000007,-50.900000000000006,0.0
3.400000000000002,-50.900000000000006,0.0
5.200000000000003,-50.900000000000006,0.0
0.8000000000000007,-51.1,0.0
1.2000000000000028,-51.1,0.0
5.0000000000000036,-51.1,0.0
5.200000000000003,-51.1,0.0
0.8000000000000007,-51.300000000000004,0.0
1.2000000000000028,-51.300000000000004,0.0
5.0000000000000036,-51.300000000000004,0.0
0.8000000000000007,-51.5,0.0
5.0000000000000036,-51.5,0.0
0.8000000000000007,-51.7,0.0
5.0000000000000036,-51.7,0.0
5.400000000000002,-51.7,0.0
0.8000000000000007,-51.900000000000006,0.0
5.0000000000000036,-51.900000000000006,0.0
0.6000000000000014,-52.1,0.0
0.6000000000000014,-52.300000000000004,0.0
6.0000000000000036,-52.300000000000004,0.0
2.400000000000002,-52.5,0.0
3.8000000000000007,-52.5,0.0
4.0000000000000036,-52.5,0.0
5.400000000000002,-52.5,0.0
5.600000000000001,-52.5,0.0
6.0000000000000036,-52.5,0.0
0.8000000000000007,-52.7,0.0
3.6000000000000014,-52.7,0.0
0.6000000000000014,-52.900000000000006,0.0
0.8000000000000007,-52.900000000000006,0.0
3.6000000000000014,-52.900000000000006,0.0
4.200000000000003,-52.900000000000006,0.0
4.600000000000001,-52.900000000000006,0.0
4.800000000000001,-52.900000000000006,0.0
5.0000000000000036,-52.900000000000006,0.0
6.200000000000003,-52.900000000000006,0.0
0.8000000000000007,-53.1,0.0
2.400000000000002,-53.1,0.0
2.6000000000000014,-53.1,0.0
2.8000000000000007,-53.1,0.0
6.0000000000000036,-53.1,0.0
6.200000000000003,-53.1,0.0
0.8000000000000007,-53.300000000000004,0.0
2.400000000000002,-53.300000000000004,0.0
4.0000000000000036,-53.300000000000004,0.0
4.200000000000003,-53.300000000000004,0.0
4.400000000000002,-53.300000000000004,0.0
4.600000000000001,-53.300000000000004,0.0
5.200000000000003,-53.300000000000004,0.0
5.400000000000002,-53.300000000000004,0.0
5.600000000000001,-53.300000000000004,0.0
5.800000000000001,-53.300000000000004,0.0
0.8000000000000007,-53.5,0.0
1.8000000000000007,-53.5,0.0
2.0,-53.5,0.0
2.200000000000003,-53.5,0.0
2.400000000000002,-53.5,0.0
2.6000000000000014,-53.5,0.0
2.8000000000000007,-53.5,0.0
3.0000000000000036,-53.5,0.0
3.200000000000003,-53.5,0.0
3.400000000000002,-53.5,0.0
3.6000000000000014,-53.5,0.0
-0.5999999999999979,-53.7,0.0
-0.3999999999999986,-53.7,0.0
-0.1999999999999993,-53.7,0.0
0.40000000000000213,-53.7,0.0
0.6000000000000014,-53.7,0.0
0.8000000000000007,-53.7,0.0
2.400000000000002,-53.7,0.0
2.8000000000000007,-53.7,0.0
-2.1999999999999993,-53.900000000000006,0.0
-1.9999999999999982,-53.900000000000006,0.0
-1.799999999999999,-53.900000000000006,0.0
-1.5999999999999979,-53.900000000000006,0.0
-1.3999999999999986,-53.900000000000006,0.0
2.400000000000002,-53.900000000000006,0.0
2.8000000000000007,-53.900000000000006,0.0
-2.9999999999999982,-54.1,0.0
-2.799999999999999,-54.1,0.0
-2.3999999999999986,-54.1,0.0
-4.399999999999999,-54.300000000000004,0.0
-4.199999999999999,-54.300000000000004,0.0
-3.9999999999999982,-54.300000000000004,0.0
-3.599999999999998,-54.300000000000004,0.0
3.0000000000000036,-54.300000000000004,0.0
-5.199999999999999,-54.5,0.0
-4.999999999999998,-54.5,0.0
-4.799999999999999,-54.5,0.0
-4.599999999999998,-54.5,0.0
-5.999999999999998,-54.7,0.0
-5.799999999999999,-54.7,0.0
-11.2,-54.900000000000006,0.0
-6.399999999999999,-54.900000000000006,0.0
-6.199999999999999,-54.900000000000006,0.0
-2.1999999999999993,-54.900000000000006,0.0
-11.799999999999999,-55.1,0.0
-11.599999999999998,-55.1,0.0
-11.399999999999999,-55.1,0.0
-7.199999999999999,-55.1,0.0
-6.999999999999998,-55.1,0.0
-8.2,-55.300000000000004,0.0
-7.999999999999998,-55.300000000000004,0.0
-7.799999999999999,-55.300000000000004,0.0
2.6000000000000014,-55.300000000000004,0.0
-8.799999999999999,-55.5,0.0
-8.6,-55.5,0.0
2.6000000000000014,-55.5,0.0
-11.799999999999999,-55.7,0.0
-10.0,-55.7,0.0
-9.799999999999999,-55.7,0.0
-9.599999999999998,-55.7,0.0
-9.399999999999999,-55.7,0.0
0.20000000000000284,-55.7,0.0
0.40000000000000213,-55.7,0.0
2.6000000000000014,-55.7,0.0
-11.799999999999999,-55.900000000000006,0.0
-10.399999999999999,-55.900000000000006,0.0
-0.5999999999999979,-55.900000000000006,0.0
-0.3999999999999986,-55.900000000000006,0.0
2.6000000000000014,-55.900000000000006,0.0
3.200000000000003,-55.900000000000006,0.0
-10.799999999999999,-56.1,0.0
-1.5999999999999979,-56.1,0.0
-1.3999999999999986,-56.1,0.0
0.20000000000000284,-56.1,0.0
2.6000000000000014,-56.1,0.0
2.8000000000000007,-56.1,0.0
-11.799999999999999,-56.300000000000004,0.0
-2.3999999999999986,-56.300000000000004,0.0
2.8000000000000007,-56.300000000000004,0.0
3.0000000000000036,-56.300000000000004,0.0
-12.399999999999999,-56.5,0.0
-12.2,-56.5,0.0
-3.1999999999999993,-56.5,0.0
-1.5999999999999979,-56.5,0.0
-0.1999999999999993,-56.5,0.0
-13.0,-56.7,0.0
-3.799999999999999,-56.7,0.0
-0.7999999999999989,-56.7,0.0
-0.5999999999999979,-56.7,0.0
3.200000000000003,-56.7,0.0
5.0000000000000036,-56.7,0.0
-13.0,-56.900000000000006,0.0
-2.3999999999999986,-56.900000000000006,0.0
0.20000000000000284,-56.900000000000006,0.0
4.600000000000001,-56.900000000000006,0.0
-13.0,-57.1,0.0
-2.3999999999999986,-57.1,0.0
-13.0,-57.300000000000004,0.0
-13.0,-57.5,0.0
-0.5999999999999979,-57.7,0.0
2.8000000000000007,-57.7,0.0
3.8000000000000007,-57.7,0.0
4.0000000000000036,-57.7,0.0
4.200000000000003,-57.7,0.0
4.400000000000002,-57.7,0.0
4.600000000000001,-57.7,0.0
4.800000000000001,-57.7,0.0
-7.799999999999999,-57.900000000000006,0.0
-8.799999999999999,-58.1,0.0
-8.2,-58.300000000000004,0.0
-8.6,-58.5,0.0
-3.799999999999999,-58.5,0.0
0.40000000000000213,-58.5,0.0
2.8000000000000007,-58.5,0.0
-3.799999999999999,-58.7,0.0
0.40000000000000213,-58.7,0.0
2.8000000000000007,-58.7,0.0
-11.0,-58.900000000000006,0.0
-3.799999999999999,-58.900000000000006,0.0
-2.3999999999999986,-58.900000000000006,0.0
-11.399999999999999,-59.1,0.0
-3.799999999999999,-59.1,0.0
2.8000000000000007,-59.1,0.0
-13.0,-59.300000000000004,0.0
-11.399999999999999,-59.300000000000004,0.0
-11.2,-59.300000000000004,0.0
-11.0,-59.300000000000004,0.0
-4.799999999999999,-59.300000000000004,0.0
-4.599999999999998,-59.300000000000004,0.0
2.8000000000000007,-59.300000000000004,0.0
2.8000000000000007,-59.5,0.0
3.0000000000000036,-59.5,0.0
-13.0,-59.7,0.0
-13.0,-59.900000000000006,0.0
-7.399999999999999,-59.900000000000006,0.0
-7.199999999999999,-59.900000000000006,0.0
-6.999999999999998,-59.900000000000006,0.0
-6.799999999999999,-59.900000000000006,0.0
-6.599999999999998,-59.900000000000006,0.0
-6.399999999999999,-59.900000000000006,0.0
-6.199999999999999,-59.900000000000006,0.0
-5.999999999999998,-59.900000000000006,0.0
-5.399999999999999,-59.900000000000006,0.0
3.0000000000000036,-59.900000000000006,0.0
-13.0,-60.1,0.0
-8.2,-60.1,0.0
-7.999999999999998,-60.1,0.0
-7.799999999999999,-60.1,0.0
3.0000000000000036,-60.1,0.0
-13.0,-60.300000000000004,0.0
-10.2,-60.300000000000004,0.0
-10.0,-60.300000000000004,0.0
-9.799999999999999,-60.300000000000004,0.0
-9.599999999999998,-60.300000000000004,0.0
3.0000000000000036,-60.300000000000004,0.0
-13.0,-60.5,0.0
3.0000000000000036,-60.5,0.0
-13.0,-60.7,0.0
-10.399999999999999,-60.7,0.0
3.0000000000000036,-60.7,0.0
-10.399999999999999,-60.900000000000006,0.0
3.0000000000000036,-60.900000000000006,0.0
3.200000000000003,-60.900000000000006,0.0
-14.2,-61.1,0.0
-14.0,-61.1,0.0
-13.0,-61.1,0.0
-10.399999999999999,-61.1,0.0
1.0,-61.1,0.0
3.400000000000002,-61.1,0.0
1.0,-61.300000000000004,0.0
3.8000000000000007,-61.300000000000004,0.0
-15.799999999999999,-61.5,0.0
-15.6,-61.5,0.0
-15.399999999999999,-61.5,0.0
-15.2,-61.5,0.0
-15.0,-61.5,0.0
-14.799999999999999,-61.5,0.0
-14.6,-61.5,0.0
-14.399999999999999,-61.5,0.0
1.0,-61.5,0.0
-16.0,-61.7,0.0
1.0,-61.7,0.0
-15.399999999999999,-61.900000000000006,0.0
-1.9999999999999982,-61.900000000000006,0.0
1.0,-61.900000000000006,0.0
3.0000000000000036,-61.900000000000006,0.0
-1.9999999999999982,-62.1,0.0
1.0,-62.1,0.0
3.0000000000000036,-62.1,0.0
5.400000000000002,-62.1,0.0
-16.599999999999998,-62.300000000000004,0.0
-16.2,-62.300000000000004,0.0
-15.6,-62.300000000000004,0.0
-13.0,-62.300000000000004,0.0
-1.3999999999999986,-62.300000000000004,0.0
-1.1999999999999993,-62.300000000000004,0.0
-0.9999999999999982,-62.300000000000004,0.0
-0.7999999999999989,-62.300000000000004,0.0
-0.5999999999999979,-62.300000000000004,0.0
0.0,-62.300000000000004,0.0
0.20000000000000284,-62.300000000000004,0.0
0.40000000000000213,-62.300000000000004,0.0
2.6000000000000014,-62.300000000000004,0.0
-16.599999999999998,-62.5,0.0
-15.6,-62.5,0.0
-13.2,-62.5,0.0
-13.0,-62.5,0.0
-0.1999999999999993,-62.5,0.0
0.0,-62.5,0.0
0.20000000000000284,-62.5,0.0
0.40000000000000213,-62.5,0.0
0.6000000000000014,-62.5,0.0
0.8000000000000007,-62.5,0.0
1.0,-62.5,0.0
-2.9999999999999982,-62.7,0.0
-2.799999999999999,-62.7,0.0
-2.599999999999998,-62.7,0.0
-2.3999999999999986,-62.7,0.0
-2.1999999999999993,-62.7,0.0
-1.9999999999999982,-62.7,0.0
-1.799999999999999,-62.7,0.0
-1.5999999999999979,-62.7,0.0
-1.3999999999999986,-62.7,0.0
-1.1999999999999993,-62.7,0.0
-0.9999999999999982,-62.7,0.0
0.6000000000000014,-62.7,0.0
0.8000000000000007,-62.7,0.0
-13.6,-62.900000000000006,0.0
-12.799999999999999,-62.900000000000006,0.0
-3.1999999999999993,-62.900000000000006,0.0
-12.799999999999999,-63.1,0.0
-10.2,-63.1,0.0
-3.1999999999999993,-63.1,0.0
-15.6,-63.300000000000004,0.0
-12.799999999999999,-63.300000000000004,0.0
-10.2,-63.300000000000004,0.0
-3.1999999999999993,-63.300000000000004,0.0
-15.6,-63.5,0.0
-12.799999999999999,-63.5,0.0
-10.799999999999999,-63.5,0.0
-10.599999999999998,-63.5,0.0
-10.2,-63.5,0.0
-3.1999999999999993,-63.5,0.0
1.2000000000000028,-63.5,0.0
3.200000000000003,-63.5,0.0
-16.4,-63.7,0.0
-15.0,-63.7,0.0
-14.799999999999999,-63.7,0.0
-12.799999999999999,-63.7,0.0
-10.799999999999999,-63.7,0.0
-3.1999999999999993,-63.7,0.0
3.200000000000003,-63.7,0.0
-13.399999999999999,-63.900000000000006,0.0
-12.799999999999999,-63.900000000000006,0.0
-10.799999999999999,-63.900000000000006,0.0
-10.599999999999998,-63.900000000000006,0.0
-10.399999999999999,-63.900000000000006,0.0
-3.1999999999999993,-63.900000000000006,0.0
-0.5999999999999979,-63.900000000000006,0.0
3.200000000000003,-63.900000000000006,0.0
-12.799999999999999,-64.10000000000001,0.0
-3.1999999999999993,-64.10000000000001,0.0
-1.5999999999999979,-64.10000000000001,0.0
3.200000000000003,-64.10000000000001,0.0
-14.6,-64.30000000000001,0.0
-13.0,-64.30000000000001,0.0
-12.799999999999999,-64.30000000000001,0.0
3.200000000000003,-64.30000000000001,0.0
-16.2,-64.5,0.0
-16.0,-64.5,0.0
-12.799999999999999,-64.5,0.0
-12.799999999999999,-64.7,0.0
-10.0,-64.7,0.0
0.0,-64.7,0.0
1.2000000000000028,-64.7,0.0
-12.799999999999999,-64.9,0.0
-10.0,-64.9,0.0
-2.9999999999999982,-64.9,0.0
1.2000000000000028,-64.9,0.0
-12.799999999999999,-65.10000000000001,0.0
-10.0,-65.10000000000001,0.0
-2.9999999999999982,-65.10000000000001,0.0
1.2000000000000028,-65.10000000000001,0.0
3.400000000000002,-65.10000000000001,0.0
-12.799999999999999,-65.30000000000001,0.0
-2.9999999999999982,-65.30000000000001,0.0
-1.799999999999999,-65.30000000000001,0.0
0.40000000000000213,-65.30000000000001,0.0
1.2000000000000028,-65.30000000000001,0.0
1.4000000000000021,-65.30000000000001,0.0
-12.799999999999999,-65.5,0.0
-2.9999999999999982,-65.5,0.0
0.40000000000000213,-65.5,0.0
1.2000000000000028,-65.5,0.0
1.4000000000000021,-65.5,0.0
-12.799999999999999,-65.7,0.0
-2.9999999999999982,-65.7,0.0
1.4000000000000021,-65.7,0.0
-12.799999999999999,-65.9,0.0
-2.9999999999999982,-65.9,0.0
-1.5999999999999979,-65.9,0.0
-1.1999999999999993,-65.9,0.0
-0.9999999999999982,-65.9,0.0
-0.5999999999999979,-65.9,0.0
1.4000000000000021,-65.9,0.0
3.0000000000000036,-65.9,0.0
-12.799999999999999,-66.10000000000001,0.0
-1.1999999999999993,-66.10000000000001,0.0
1.4000000000000021,-66.10000000000001,0.0
3.400000000000002,-66.10000000000001,0.0
-12.799999999999999,-66.30000000000001,0.0
-1.1999999999999993,-66.30000000000001,0.0
-0.7999999999999989,-66.30000000000001,0.0
1.4000000000000021,-66.30000000000001,0.0
3.400000000000002,-66.30000000000001,0.0
3.6000000000000014,-66.30000000000001,0.0
-12.799999999999999,-66.5,0.0
-9.799999999999999,-66.5,0.0
-0.1999999999999993,-66.5,0.0
1.4000000000000021,-66.5,0.0
3.6000000000000014,-66.5,0.0
-9.799999999999999,-66.7,0.0
1.4000000000000021,-66.7,0.0
3.6000000000000014,-66.7,0.0
-9.799999999999999,-66.9,0.0
-2.9999999999999982,-66.9,0.0
3.6000000000000014,-66.9,0.0
-9.799999999999999,-67.10000000000001,0.0
-2.9999999999999982,-67.10000000000001,0.0
1.4000000000000021,-67.10000000000001,0.0
3.6000000000000014,-67.10000000000001,0.0
-2.799999999999999,-67.30000000000001,0.0
-1.1999999999999993,-67.30000000000001,0.0
1.4000000000000021,-67.30000000000001,0.0
1.6000000000000014,-67.30000000000001,0.0
3.6000000000000014,-67.30000000000001,0.0
-12.799999999999999,-67.5,0.0
-2.799999999999999,-67.5,0.0
1.4000000000000021,-67.5,0.0
1.6000000000000014,-67.5,0.0
3.6000000000000014,-67.5,0.0
-12.799999999999999,-67.7,0.0
-2.799999999999999,-67.7,0.0
1.4000000000000021,-67.7,0.0
1.6000000000000014,-67.7,0.0
3.6000000000000014,-67.7,0.0
-12.799999999999999,-67.9,0.0
-2.799999999999999,-67.9,0.0
0.6000000000000014,-67.9,0.0
1.4000000000000021,-67.9,0.0
1.6000000000000014,-67.9,0.0
3.6000000000000014,-67.9,0.0
-2.799999999999999,-68.10000000000001,0.0
1.4000000000000021,-68.10000000000001,0.0
1.6000000000000014,-68.10000000000001,0.0
-12.799999999999999,-68.30000000000001,0.0
-2.799999999999999,-68.30000000000001,0.0
-2.599999999999998,-68.30000000000001,0.0
1.6000000000000014,-68.30000000000001,0.0
-12.799999999999999,-68.5,0.0
-4.599999999999998,-68.5,0.0
-2.799999999999999,-68.5,0.0
-2.599999999999998,-68.5,0.0
0.0,-68.5,0.0
-12.799999999999999,-68.7,0.0
-9.599999999999998,-68.7,0.0
-4.599999999999998,-68.7,0.0
-2.799999999999999,-68.7,0.0
3.8000000000000007,-68.7,0.0
-12.799999999999999,-68.9,0.0
-6.399999999999999,-68.9,0.0
-6.199999999999999,-68.9,0.0
-5.999999999999998,-68.9,0.0
-5.799999999999999,-68.9,0.0
-2.799999999999999,-68.9,0.0
1.8000000000000007,-68.9,0.0
3.8000000000000007,-68.9,0.0
-10.0,-69.10000000000001,0.0
-8.6,-69.10000000000001,0.0
-8.399999999999999,-69.10000000000001,0.0
-8.2,-69.10000000000001,0.0
-7.999999999999998,-69.10000000000001,0.0
0.20000000000000284,-69.10000000000001,0.0
1.8000000000000007,-69.10000000000001,0.0
3.8000000000000007,-69.10000000000001,0.0
-12.799999999999999,-69.30000000000001,0.0
-2.3999999999999986,-69.30000000000001,0.0
1.8000000000000007,-69.30000000000001,0.0
-10.2,-69.5,0.0
-9.799999999999999,-69.5,0.0
-9.399999999999999,-69.5,0.0
-9.2,-69.5,0.0
-2.3999999999999986,-69.5,0.0
4.0000000000000036,-69.5,0.0
-10.0,-69.7,0.0
-9.2,-69.7,0.0
-2.3999999999999986,-69.7,0.0
4.0000000000000036,-69.7,0.0
4.0000000000000036,-69.9,0.0
4.0000000000000036,-70.10000000000001,0.0
4.0000000000000036,-70.5,0.0
4.0000000000000036,-70.7,0.0
4.0000000000000036,-70.9,0.0
4.0000000000000036,-71.10000000000001,0.0
-12.799999999999999,-71.30000000000001,0.0
4.0000000000000036,-71.30000000000001,0.0
-12.599999999999998,-71.5,0.0
1.4000000000000021,-71.5,0.0
1.6000000000000014,-71.5,0.0
1.8000000000000007,-71.5,0.0
2.0,-71.5,0.0
-12.599999999999998,-71.7,0.0
-0.1999999999999993,-71.7,0.0
0.0,-71.7,0.0
0.20000000000000284,-71.7,0.0
0.40000000000000213,-71.7,0.0
3.8000000000000007,-71.7,0.0
-12.599999999999998,-71.9,0.0
-3.9999999999999982,-71.9,0.0
-3.799999999999999,-71.9,0.0
-1.3999999999999986,-71.9,0.0
-1.1999999999999993,-71.9,0.0
-0.9999999999999982,-71.9,0.0
-0.7999999999999989,-71.9,0.0
3.8000000000000007,-71.9,0.0
-12.599999999999998,-72.10000000000001,0.0
-3.799999999999999,-72.10000000000001,0.0
-3.599999999999998,-72.10000000000001,0.0
-3.3999999999999986,-72.10000000000001,0.0
-3.1999999999999993,-72.10000000000001,0.0
-2.9999999999999982,-72.10000000000001,0.0
-2.799999999999999,-72.10000000000001,0.0
-2.3999999999999986,-72.10000000000001,0.0
-1.3999999999999986,-72.10000000000001,0.0
-12.599999999999998,-72.30000000000001,0.0
-4.799999999999999,-72.30000000000001,0.0
-4.599999999999998,-72.30000000000001,0.0
-2.3999999999999986,-72.30000000000001,0.0
2.200000000000003,-72.30000000000001,0.0
-8.2,-72.5,0.0
-7.999999999999998,-72.5,0.0
-7.799999999999999,-72.5,0.0
-7.6,-72.5,0.0
-7.399999999999999,-72.5,0.0
-7.199999999999999,-72.5,0.0
-6.999999999999998,-72.5,0.0
-6.799999999999999,-72.5,0.0
-5.999999999999998,-72.5,0.0
2.200000000000003,-72.5,0.0
-10.0,-72.7,0.0
-9.799999999999999,-72.7,0.0
-9.599999999999998,-72.7,0.0
-9.399999999999999,-72.7,0.0
-5.999999999999998,-72.7,0.0
-5.799999999999999,-72.7,0.0
-5.599999999999998,-72.7,0.0
-5.399999999999999,-72.7,0.0
2.200000000000003,-72.7,0.0
4.0000000000000036,-72.7,0.0
-12.599999999999998,-72.9,0.0
2.200000000000003,-72.9,0.0
4.0000000000000036,-72.9,0.0
-12.599999999999998,-73.10000000000001,0.0
-10.0,-73.10000000000001,0.0
4.0000000000000036,-73.10000000000001,0.0
-10.0,-73.30000000000001,0.0
-0.9999999999999982,-73.30000000000001,0.0
1.8000000000000007,-73.30000000000001,0.0
-12.399999999999999,-73.5,0.0
-10.0,-73.5,0.0
-0.9999999999999982,-73.5,0.0
0.0,-73.5,0.0
0.8000000000000007,-73.5,0.0
1.6000000000000014,-73.5,0.0
-12.399999999999999,-73.7,0.0
-10.0,-73.7,0.0
3.8000000000000007,-73.7,0.0
-12.399999999999999,-73.9,0.0
-10.399999999999999,-73.9,0.0
-10.0,-73.9,0.0
-0.7999999999999989,-73.9,0.0
0.6000000000000014,-73.9,0.0
2.0,-73.9,0.0
3.8000000000000007,-73.9,0.0
-12.2,-74.10000000000001,0.0
-0.7999999999999989,-74.10000000000001,0.0
3.8000000000000007,-74.10000000000001,0.0
-12.2,-74.30000000000001,0.0
-0.7999999999999989,-74.30000000000001,0.0
-12.2,-74.5,0.0
-12.2,-74.7,0.0
0.8000000000000007,-74.7,0.0
-12.2,-74.9,0.0
-9.799999999999999,-74.9,0.0
1.8000000000000007,-74.9,0.0
3.6000000000000014,-74.9,0.0
-9.799999999999999,-75.10000000000001,0.0
1.8000000000000007,-75.10000000000001,0.0
3.6000000000000014,-75.10000000000001,0.0
-12.0,-75.30000000000001,0.0
-9.799999999999999,-75.30000000000001,0.0
-0.7999999999999989,-75.30000000000001,0.0
-12.0,-75.5,0.0
-9.799999999999999,-75.5,0.0
-9.599999999999998,-75.5,0.0
-9.399999999999999,-75.5,0.0
-12.0,-75.7,0.0
-9.399999999999999,-75.7,0.0
1.6000000000000014,-75.9,0.0
3.400000000000002,-75.9,0.0
1.6000000000000014,-76.10000000000001,0.0
3.400000000000002,-76.10000000000001,0.0
-11.799999999999999,-76.30000000000001,0.0
1.6000000000000014,-76.30000000000001,0.0
3.400000000000002,-76.30000000000001,0.0
-12.0,-76.5,0.0
-9.599999999999998,-76.5,0.0
3.400000000000002,-76.5,0.0
-12.0,-76.7,0.0
-9.599999999999998,-76.7,0.0
1.4000000000000021,-76.7,0.0
-13.799999999999999,-76.9,0.0
-12.2,-76.9,0.0
-11.799999999999999,-76.9,0.0
-9.599999999999998,-76.9,0.0
1.4000000000000021,-76.9,0.0
-12.2,-77.10000000000001,0.0
-12.0,-77.10000000000001,0.0
-11.799999999999999,-77.10000000000001,0.0
1.4000000000000021,-77.10000000000001,0.0
3.200000000000003,-77.10000000000001,0.0
-11.599999999999998,-77.30000000000001,0.0
1.4000000000000021,-77.30000000000001,0.0
3.200000000000003,-77.30000000000001,0.0
-11.599999999999998,-77.5,0.0
1.4000000000000021,-77.5,0.0
-13.799999999999999,-77.7,0.0
-11.599999999999998,-77.7,0.0
-9.399999999999999,-77.7,0.0
-11.599999999999998,-77.9,0.0
-9.399999999999999,-77.9,0.0
0.6000000000000014,-77.9,0.0
0.8000000000000007,-77.9,0.0
1.0,-77.9,0.0
-11.599999999999998,-78.10000000000001,0.0
-9.399999999999999,-78.10000000000001,0.0
-1.3999999999999986,-78.10000000000001,0.0
-1.1999999999999993,-78.10000000000001,0.0
-0.9999999999999982,-78.10000000000001,0.0
-0.7999999999999989,-78.10000000000001,0.0
-0.1999999999999993,-78.10000000000001,0.0
3.0000000000000036,-78.10000000000001,0.0
-11.599999999999998,-78.30000000000001,0.0
-9.399999999999999,-78.30000000000001,0.0
-2.9999999999999982,-78.30000000000001,0.0
-2.799999999999999,-78.30000000000001,0.0
-2.599999999999998,-78.30000000000001,0.0
-2.3999999999999986,-78.30000000000001,0.0
3.0000000000000036,-78.30000000000001,0.0
-4.599999999999998,-78.5,0.0
-4.399999999999999,-78.5,0.0
-4.199999999999999,-78.5,0.0
-3.9999999999999982,-78.5,0.0
-11.399999999999999,-78.7,0.0
-6.399999999999999,-78.7,0.0
-6.199999999999999,-78.7,0.0
-5.999999999999998,-78.7,0.0
-5.799999999999999,-78.7,0.0
-5.599999999999998,-78.7,0.0
-5.399999999999999,-78.7,0.0
-7.399999999999999,-78.9,0.0
-7.199999999999999,-78.9,0.0
-6.999999999999998,-78.9,0.0
-9.2,-79.10000000000001,0.0
-9.0,-79.10000000000001,0.0
-8.799999999999999,-79.10000000000001,0.0
-8.6,-79.10000000000001,0.0
2.8000000000000007,-79.10000000000001,0.0
2.8000000000000007,-79.30000000000001,0.0
-11.2,-79.5,0.0
-0.9999999999999982,-79.5,0.0
-0.7999999999999989,-79.5,0.0
-0.5999999999999979,-79.5,0.0
2.8000000000000007,-79.5,0.0
-11.2,-79.7,0.0
-2.599999999999998,-79.7,0.0
-2.3999999999999986,-79.7,0.0
-2.1999999999999993,-79.7,0.0
0.40000000000000213,-79.7,0.0
0.6000000000000014,-79.7,0.0
2.8000000000000007,-79.7,0.0
-4.199999999999999,-79.9,0.0
-3.9999999999999982,-79.9,0.0
-3.799999999999999,-79.9,0.0
-3.599999999999998,-79.9,0.0
-10.399999999999999,-80.10000000000001,0.0
-5.799999999999999,-80.10000000000001,0.0
-5.599999999999998,-80.10000000000001,0.0
-5.399999999999999,-80.10000000000001,0.0
-4.999999999999998,-80.10000000000001,0.0
-4.799999999999999,-80.10000000000001,0.0
-11.2,-80.30000000000001,0.0
-7.199999999999999,-80.30000000000001,0.0
-6.999999999999998,-80.30000000000001,0.0
-6.799999999999999,-80.30000000000001,0.0
0.8000000000000007,-80.30000000000001,0.0
2.6000000000000014,-80.30000000000001,0.0
-12.2,-80.5,0.0
-12.0,-80.5,0.0
-11.799999999999999,-80.5,0.0
-11.599999999999998,-80.5,0.0
-11.399999999999999,-80.5,0.0
-11.0,-80.5,0.0
-8.799999999999999,-80.5,0.0
-8.6,-80.5,0.0
-8.399999999999999,-80.5,0.0
-8.2,-80.5,0.0
0.8000000000000007,-80.5,0.0
2.6000000000000014,-80.5,0.0
-13.6,-80.7,0.0
-13.399999999999999,-80.7,0.0
-13.2,-80.7,0.0
-13.0,-80.7,0.0
-12.799999999999999,-80.7,0.0
-12.599999999999998,-80.7,0.0
-12.399999999999999,-80.7,0.0
-12.2,-80.7,0.0
0.8000000000000007,-80.7,0.0
-15.0,-80.9,0.0
-14.799999999999999,-80.9,0.0
-14.6,-80.9,0.0
-14.399999999999999,-80.9,0.0
-14.2,-80.9,0.0
-9.0,-80.9,0.0
2.6000000000000014,-80.9,0.0
-15.2,-81.10000000000001,0.0
-9.0,-81.10000000000001,0.0
-7.999999999999998,-81.10000000000001,0.0
-7.799999999999999,-81.10000000000001,0.0
-7.399999999999999,-81.10000000000001,0.0
2.6000000000000014,-81.10000000000001,0.0
-15.2,-81.30000000000001,0.0
-9.0,-81.30000000000001,0.0
-8.6,-81.30000000000001,0.0
-8.399999999999999,-81.30000000000001,0.0
-8.2,-81.30000000000001,0.0
-7.999999999999998,-81.30000000000001,0.0
-7.799999999999999,-81.30000000000001,0.0
2.6000000000000014,-81.30000000000001,0.0
-15.2,-81.5,0.0
-15.0,-81.5,0.0
-9.599999999999998,-81.5,0.0
-9.0,-81.5,0.0
-7.199999999999999,-81.5,0.0
0.6000000000000014,-81.5,0.0
2.400000000000002,-81.5,0.0
-15.2,-81.7,0.0
-15.0,-81.7,0.0
-7.199999999999999,-81.7,0.0
0.6000000000000014,-81.7,0.0
2.400000000000002,-81.7,0.0
2.6000000000000014,-81.7,0.0
-15.0,-81.9,0.0
-7.199999999999999,-81.9,0.0
0.6000000000000014,-81.9,0.0
2.6000000000000014,-81.9,0.0
-15.0,-82.1,0.0
-7.199999999999999,-82.1,0.0
0.6000000000000014,-82.1,0.0
3.0000000000000036,-82.1,0.0
-15.0,-82.30000000000001,0.0
-7.199999999999999,-82.30000000000001,0.0
-15.0,-82.5,0.0
-7.199999999999999,-82.5,0.0
0.40000000000000213,-82.5,0.0
-15.0,-82.7,0.0
0.40000000000000213,-82.7,0.0
2.200000000000003,-82.7,0.0
-15.0,-82.9,0.0
0.40000000000000213,-82.9,0.0
2.200000000000003,-82.9,0.0
-15.0,-83.1,0.0
-6.999999999999998,-83.1,0.0
0.40000000000000213,-83.1,0.0
2.200000000000003,-83.1,0.0
4.200000000000003,-83.1,0.0
-15.0,-83.30000000000001,0.0
-6.999999999999998,-83.30000000000001,0.0
-15.0,-83.5,0.0
-14.799999999999999,-83.5,0.0
-7.799999999999999,-83.5,0.0
-6.999999999999998,-83.5,0.0
-15.0,-83.7,0.0
-9.2,-83.7,0.0
-6.799999999999999,-83.7,0.0
2.0,-83.7,0.0
-15.0,-83.9,0.0
-14.799999999999999,-83.9,0.0
-6.799999999999999,-83.9,0.0
-6.599999999999998,-83.9,0.0
-6.399999999999999,-83.9,0.0
0.20000000000000284,-83.9,0.0
2.0,-83.9,0.0
4.600000000000001,-83.9,0.0
-14.799999999999999,-84.1,0.0
-7.6,-84.1,0.0
-6.399999999999999,-84.1,0.0
0.20000000000000284,-84.1,0.0
0.40000000000000213,-84.1,0.0
2.0,-84.1,0.0
4.400000000000002,-84.1,0.0
-14.799999999999999,-84.30000000000001,0.0
-9.0,-84.30000000000001,0.0
-6.399999999999999,-84.30000000000001,0.0
0.6000000000000014,-84.30000000000001,0.0
2.0,-84.30000000000001,0.0
4.400000000000002,-84.30000000000001,0.0
-14.799999999999999,-84.5,0.0
-6.399999999999999,-84.5,0.0
0.40000000000000213,-84.5,0.0
-14.799999999999999,-84.7,0.0
-6.399999999999999,-84.7,0.0
-0.7999999999999989,-84.7,0.0
0.0,-84.7,0.0
0.20000000000000284,-84.7,0.0
0.40000000000000213,-84.7,0.0
-14.799999999999999,-84.9,0.0
-13.399999999999999,-84.9,0.0
-12.399999999999999,-84.9,0.0
-0.5999999999999979,-84.9,0.0
0.20000000000000284,-84.9,0.0
1.8000000000000007,-84.9,0.0
-14.799999999999999,-85.1,0.0
-1.1999999999999993,-85.1,0.0
0.0,-85.1,0.0
1.8000000000000007,-85.1,0.0
-14.799999999999999,-85.30000000000001,0.0
1.8000000000000007,-85.30000000000001,0.0
-14.799999999999999,-85.5,0.0
-14.6,-85.7,0.0
-6.199999999999999,-85.7,0.0
-14.799999999999999,-85.9,0.0
-14.6,-85.9,0.0
-6.199999999999999,-85.9,0.0
-2.1999999999999993,-85.9,0.0
-14.6,-86.1,0.0
-8.2,-86.1,0.0
-6.199999999999999,-86.1,0.0
-1.5999999999999979,-86.1,0.0
-0.1999999999999993,-86.1,0.0
0.0,-86.1,0.0
1.6000000000000014,-86.1,0.0
-14.6,-86.30000000000001,0.0
-6.199999999999999,-86.30000000000001,0.0
-0.5999999999999979,-86.30000000000001,0.0
-0.3999999999999986,-86.30000000000001,0.0
1.6000000000000014,-86.30000000000001,0.0
-14.6,-86.5,0.0
-12.2,-86.5,0.0
-6.199999999999999,-86.5,0.0
-0.1999999999999993,-86.5,0.0
1.6000000000000014,-86.5,0.0
-14.6,-86.7,0.0
-6.199999999999999,-86.7,0.0
-14.6,-86.9,0.0
-6.199999999999999,-86.9,0.0
-14.6,-87.1,0.0
-6.199999999999999,-87.1,0.0
-14.399999999999999,-87.30000000000001,0.0
-6.199999999999999,-87.30000000000001,0.0
-14.399999999999999,-87.5,0.0
-5.999999999999998,-87.5,0.0
2.0,-87.5,0.0
-14.399999999999999,-87.7,0.0
-6.599999999999998,-87.7,0.0
-6.399999999999999,-87.7,0.0
-6.199999999999999,-87.7,0.0
-0.9999999999999982,-87.7,0.0
3.0000000000000036,-87.7,0.0
3.200000000000003,-87.7,0.0
-14.399999999999999,-87.9,0.0
-8.6,-87.9,0.0
-8.399999999999999,-87.9,0.0
-8.2,-87.9,0.0
-7.999999999999998,-87.9,0.0
-7.799999999999999,-87.9,0.0
-7.6,-87.9,0.0
-7.399999999999999,-87.9,0.0
-0.9999999999999982,-87.9,0.0
-14.399999999999999,-88.10000000000001,0.0
-10.799999999999999,-88.10000000000001,0.0
-10.599999999999998,-88.10000000000001,0.0
-10.399999999999999,-88.10000000000001,0.0
-8.6,-88.10000000000001,0.0
-8.399999999999999,-88.10000000000001,0.0
-6.199999999999999,-88.10000000000001,0.0
-5.999999999999998,-88.10000000000001,0.0
-5.799999999999999,-88.10000000000001,0.0
-5.599999999999998,-88.10000000000001,0.0
-5.399999999999999,-88.10000000000001,0.0
-0.9999999999999982,-88.10000000000001,0.0
-14.399999999999999,-88.30000000000001,0.0
-11.599999999999998,-88.30000000000001,0.0
-11.399999999999999,-88.30000000000001,0.0
-11.2,-88.30000000000001,0.0
-11.0,-88.30000000000001,0.0
-10.799999999999999,-88.30000000000001,0.0
-8.6,-88.30000000000001,0.0
-8.399999999999999,-88.30000000000001,0.0
-8.2,-88.30000000000001,0.0
-7.999999999999998,-88.30000000000001,0.0
-7.799999999999999,-88.30000000000001,0.0
-0.9999999999999982,-88.30000000000001,0.0
1.4000000000000021,-88.30000000000001,0.0
2.400000000000002,-88.30000000000001,0.0
3.6000000000000014,-88.30000000000001,0.0
-12.0,-88.5,0.0
-11.799999999999999,-88.5,0.0
-11.599999999999998,-88.5,0.0
-11.2,-88.5,0.0
-11.0,-88.5,0.0
-10.399999999999999,-88.5,0.0
-6.199999999999999,-88.5,0.0
-0.9999999999999982,-88.5,0.0
1.4000000000000021,-88.5,0.0
2.8000000000000007,-88.5,0.0
-11.2,-88.7,0.0
-6.799999999999999,-88.7,0.0
-0.9999999999999982,-88.7,0.0
1.4000000000000021,-88.7,0.0
-11.2,-88.9,0.0
-6.199999999999999,-88.9,0.0
-0.7999999999999989,-88.9,0.0
1.4000000000000021,-88.9,0.0
-11.2,-89.10000000000001,0.0
-6.999999999999998,-89.10000000000001,0.0
-6.799999999999999,-89.10000000000001,0.0
-6.199999999999999,-89.10000000000001,0.0
-0.3999999999999986,-89.10000000000001,0.0
-11.2,-89.30000000000001,0.0
-5.199999999999999,-89.30000000000001,0.0
-0.1999999999999993,-89.30000000000001,0.0
0.0,-89.30000000000001,0.0
-11.2,-89.5,0.0
-5.199999999999999,-89.5,0.0
0.40000000000000213,-89.5,0.0
-8.6,-89.7,0.0
-5.599999999999998,-89.7,0.0
-5.199999999999999,-89.7,0.0
-5.199999999999999,-89.9,0.0
0.8000000000000007,-89.9,0.0
1.4000000000000021,-89.9,0.0
-7.6,-90.10000000000001,0.0
-5.199999999999999,-90.10000000000001,0.0
1.8000000000000007,-90.10000000000001,0.0
-9.2,-90.30000000000001,0.0
-5.599999999999998,-90.30000000000001,0.0
-5.199999999999999,-90.30000000000001,0.0
2.200000000000003,-90.30000000000001,0.0
-5.199999999999999,-90.5,0.0
2.6000000000000014,-90.5,0.0
-7.6,-90.7,0.0
-7.399999999999999,-90.7,0.0
-5.199999999999999,-90.7,0.0
-9.399999999999999,-90.9,0.0
-9.2,-90.9,0.0
-5.599999999999998,-90.9,0.0
-11.0,-91.10000000000001,0.0
-9.399999999999999,-91.10000000000001,0.0
-9.2,-91.10000000000001,0.0
-8.399999999999999,-91.10000000000001,0.0
-8.2,-91.10000000000001,0.0
-11.0,-91.30000000000001,0.0
-8.2,-91.30000000000001,0.0
-7.6,-91.30000000000001,0.0
-11.0,-91.5,0.0
-8.399999999999999,-91.5,0.0
-7.999999999999998,-91.5,0.0
-11.0,-91.7,0.0
-9.2,-91.7,0.0
-9.0,-91.7,0.0
-11.0,-91.9,0.0
-7.199999999999999,-91.9,0.0
-5.399999999999999,-91.9,0.0
-4.999999999999998,-91.9,0.0
-11.0,-92.10000000000001,0.0
-9.2,-92.10000000000001,0.0
-5.399999999999999,-92.10000000000001,0.0
-11.0,-92.30000000000001,0.0
-10.599999999999998,-92.30000000000001,0.0
-9.2,-92.30000000000001,0.0
-9.0,-92.30000000000001,0.0
-7.199999999999999,-92.30000000000001,0.0
-4.999999999999998,-92.30000000000001,0.0
-7.199999999999999,-92.5,0.0
-4.999999999999998,-92.5,0.0
-9.2,-92.7,0.0
-4.999999999999998,-92.7,0.0
-7.6,-92.9,0.0
-7.199999999999999,-92.9,0.0
-6.999999999999998,-92.9,0.0
-4.999999999999998,-92.9,0.0
-7.199999999999999,-93.10000000000001,0.0
-5.399999999999999,-93.10000000000001,0.0
-4.999999999999998,-93.10000000000001,0.0
-4.999999999999998,-93.30000000000001,0.0
-7.199999999999999,-93.5,0.0
-10.799999999999999,-93.7,0.0
-6.999999999999998,-93.7,0.0
-10.799999999999999,-93.9,0.0
-9.2,-93.9,0.0
-9.0,-93.9,0.0
-10.799999999999999,-94.10000000000001,0.0
-7.199999999999999,-94.10000000000001,0.0
-10.799999999999999,-94.30000000000001,0.0
-7.199999999999999,-94.30000000000001,0.0
-5.399999999999999,-94.30000000000001,0.0
-10.799999999999999,-94.5,0.0
-8.799999999999999,-94.5,0.0
-7.399999999999999,-94.5,0.0
-8.6,-94.7,0.0
-7.199999999999999,-94.7,0.0
-10.799999999999999,-94.9,0.0
-8.399999999999999,-94.9,0.0
-7.999999999999998,-94.9,0.0
-7.799999999999999,-94.9,0.0
-7.199999999999999,-94.9,0.0
-5.199999999999999,-95.30000000000001,0.0
-10.599999999999998,-95.5,0.0
-4.799999999999999,-95.5,0.0
-10.599999999999998,-95.7,0.0
-10.599999999999998,-95.9,0.0
-4.799999999999999,-95.9,0.0
-10.599999999999998,-96.10000000000001,0.0
-4.799999999999999,-96.10000000000001,0.0
-11.2,-96.30000000000001,0.0
-10.599999999999998,-96.30000000000001,0.0
-7.999999999999998,-96.30000000000001,0.0
-7.799999999999999,-96.30000000000001,0.0
-7.6,-96.30000000000001,0.0
-7.399999999999999,-96.30000000000001,0.0
-7.199999999999999,-96.30000000000001,0.0
-6.999999999999998,-96.30000000000001,0.0
-5.399999999999999,-96.30000000000001,0.0
-5.199999999999999,-96.30000000000001,0.0
-4.999999999999998,-96.30000000000001,0.0
-4.799999999999999,-96.30000000000001,0.0
-10.599999999999998,-96.5,0.0
-10.399999999999999,-96.5,0.0
-10.2,-96.5,0.0
-10.0,-96.5,0.0
-9.799999999999999,-96.5,0.0
-9.599999999999998,-96.5,0.0
-9.2,-96.7,0.0
-8.799999999999999,-96.7,0.0
-8.6,-96.7,0.0
-8.2,-97.10000000000001,0.0
